// хвост
12
13 68
41 70
107 92
113 106
118 148
71 169
35 181
7 179
20 160
67 128
66 116
36 95
66 60 26
// верхний плавник
8
314 75
295 68
314 50
325 25
331 4
349 14
372 38
389 63
103 88 29
// задний плавник
7
204 157
178 162
195 186
205 208
209 224
242 207
264 189
211 170 118
// левый передний плавник
5
409 195
415 195
406 228
392 248
386 242
166 141 109
//светлая часть
27
108 139
159 134
206 147
247 160
327 169
396 170
459 165
533 152
568 158
582 164
609 161
624 159
585 175
532 187
496 189
429 195
412 195
381 193
314 192
265 187
242 181
220 167
205 159
182 149
150 143
120 146
108 142
250 243 214
// переходная часть
27
111 104
151 105
215 107
305 99
371 95
446 91
531 91
575 94
576 101
590 107
610 98
635 121
671 115
671 126
633 153
601 160
575 162
563 157
552 159
465 169
394 174
292 164
188 141
131 136
110 140
102 124
112 106
199 171 112
// тёмная часть
27
106 92
100 97
111 108
236 102
338 92
453 86
540 94
575 92
576 96
566 104
574 119
595 110
616 97
637 114
657 118
671 115
674 111
670 103
622 82
560 71
488 63
413 61
384 63
316 76
253 85
198 92
138 94
46 44 27
// правый передний плавник
9
388 190
410 195
397 224
386 242
363 263
352 252
340 212
345 203
379 195
225 190 131
// самый передний плавник
9
554 160
541 166
545 176
532 183
490 177
467 170
453 158
474 151
508 153
194 164 108
// внешняя часть глаза
-1
622 108 12
193 161 74
// зрачок
-1 
622 108 5
6 7 2
// блик
-1
625 103 2
255 255 255

