29
148 198
133 183
111 170
85 156
51 141
29 133
20 135
17 138
14 141
16 143
22 151
34 173
50 200
60 221
65 235
57 255
45 276
34 296
20 326
21 333
26 338
40 339
57 331
75 323
88 316
102 309
118 301
133 292
147 281
67 76 71
20
480 100
469 78
464 73
456 52
445 33
435 16
429 8
424 3
418 3
412 8
391 22
379 33
369 46
354 70
353 80
364 94
371 102
381 113
393 118
436 123
110 103 87
20
335 314
323 336
316 344
311 352
309 359
299 373
288 384
270 398
262 398
253 390
243 375
233 357
225 341
218 321
217 308
220 300
232 294
241 289
247 284
279 274
138 105 97
24
132 206
147 196
175 192
202 188
231 179
263 167
309 147
351 133
394 116
437 107
459 102
482 99
525 95
576 94
619 101
664 116
703 133
725 144
763 158
807 176
835 193
847 212
838 213
140 226
32 33 38
18
130 208
135 209
140 222
150 219
193 209
238 198
302 177
325 171
390 148
482 131
560 129
594 134
631 153
664 162
702 167
709 169
693 284
143 260
134 117 107
15
129 254
167 243
244 233
329 246
423 249
501 250
545 256
688 236
716 259
748 281
568 308
360 314
283 290
209 273
143 277
179 175 183
34
140 272
179 262
226 267
268 279
348 297
426 302
499 300
536 299
615 296
669 289
715 276
719 272
713 265
712 258
763 270
754 282
747 282
729 288
697 297
651 307
606 313
562 316
514 317
441 319
399 320
346 318
317 308
271 292
246 284
217 279
191 278
172 277
148 280
142 277
168 155 146
20
490 305
500 314
506 337
505 351
505 368
500 394
497 407
494 410
478 415
458 408
439 394
423 379
409 352
409 338
416 325
428 320
441 318
454 315
462 310
467 305
174 136 117
10
554 212
550 217
550 226
552 235
562 247
580 261
594 269
612 277
626 279
621 239
23 4 6
20
678 241
667 234
647 225
620 216
599 210
577 205
565 206
555 209
553 218
560 234
573 248
594 265
618 278
633 279
647 277
661 270
658 264
654 258
660 250
669 245
161 123 110
29
717 162
715 167
709 177
707 184
718 177
729 174
743 172
753 177
755 189
763 192
772 187
786 182
808 189
829 201
838 210
837 238
832 247
816 260
795 270
772 279
756 282
734 269
702 249
683 242
670 233
666 222
670 213
681 198
698 178
161 160 186
12
694 183
688 193
683 206
682 215
687 227
694 240
705 252
692 245
683 234
678 222
677 209
682 197
30 30 30
16
709 172
697 183
689 196
687 211
690 226
698 241
707 250
717 261
725 265
717 256
709 247
699 237
693 224
690 208
692 196
698 186
30 30 30
9
802 237
814 228
824 221
834 214
841 210
847 211
848 214
846 216
829 226
143 123 112
9
805 238
815 230
825 225
833 219
841 216
848 217
849 222
848 227
845 227
143 123 112
12
810 238
817 235
825 231
830 226
836 224
844 222
846 227
841 230
843 235
840 238
831 237
822 237
133 125 122
2
833 230
840 230
1
82 71 65
1
789 198 13
157 153 128
1
789 200 11
185 181 170
1
788 203 5
30 30 30
1
788 201
1
200 200 200
2
771 207
791 215
3
30 30 30
1
822 193 3
59 55 56
1
822 193 1
20 20 20